(kicad_pcb (version 20171130) (host pcbnew "(5.1.5)-3")

  (general
    (thickness 1.6)
    (drawings 2)
    (tracks 79)
    (zones 0)
    (modules 31)
    (nets 56)
  )

  (page A4)
  (layers
    (0 F.Cu signal)
    (31 B.Cu signal)
    (32 B.Adhes user)
    (33 F.Adhes user)
    (34 B.Paste user)
    (35 F.Paste user)
    (36 B.SilkS user)
    (37 F.SilkS user)
    (38 B.Mask user)
    (39 F.Mask user)
    (40 Dwgs.User user)
    (41 Cmts.User user)
    (42 Eco1.User user)
    (43 Eco2.User user)
    (44 Edge.Cuts user)
    (45 Margin user)
    (46 B.CrtYd user)
    (47 F.CrtYd user)
    (48 B.Fab user)
    (49 F.Fab user)
  )

  (setup
    (last_trace_width 0.254)
    (user_trace_width 0.4064)
    (user_trace_width 0.4572)
    (user_trace_width 0.6096)
    (trace_clearance 0.254)
    (zone_clearance 0.508)
    (zone_45_only no)
    (trace_min 0.1524)
    (via_size 0.762)
    (via_drill 0.381)
    (via_min_size 0.508)
    (via_min_drill 0.254)
    (uvia_size 0.762)
    (uvia_drill 0.381)
    (uvias_allowed no)
    (uvia_min_size 0.508)
    (uvia_min_drill 0.254)
    (edge_width 0.05)
    (segment_width 0.2)
    (pcb_text_width 0.3)
    (pcb_text_size 1.5 1.5)
    (mod_edge_width 0.12)
    (mod_text_size 1 1)
    (mod_text_width 0.15)
    (pad_size 1.524 1.524)
    (pad_drill 0.762)
    (pad_to_mask_clearance 0.0508)
    (solder_mask_min_width 0.1016)
    (aux_axis_origin 0 0)
    (visible_elements 7FFFFFFF)
    (pcbplotparams
      (layerselection 0x010fc_ffffffff)
      (usegerberextensions false)
      (usegerberattributes false)
      (usegerberadvancedattributes false)
      (creategerberjobfile false)
      (excludeedgelayer true)
      (linewidth 0.100000)
      (plotframeref false)
      (viasonmask false)
      (mode 1)
      (useauxorigin false)
      (hpglpennumber 1)
      (hpglpenspeed 20)
      (hpglpendiameter 15.000000)
      (psnegative false)
      (psa4output false)
      (plotreference true)
      (plotvalue true)
      (plotinvisibletext false)
      (padsonsilk false)
      (subtractmaskfromsilk false)
      (outputformat 1)
      (mirror false)
      (drillshape 1)
      (scaleselection 1)
      (outputdirectory ""))
  )

  (net 0 "")
  (net 1 GND)
  (net 2 +3V3)
  (net 3 RESET)
  (net 4 GPIO36)
  (net 5 GPIO39)
  (net 6 IO34)
  (net 7 IO35)
  (net 8 "Net-(ANT1-Pad8)")
  (net 9 "Net-(ANT1-Pad9)")
  (net 10 IO25)
  (net 11 IO26)
  (net 12 IO27)
  (net 13 IO14)
  (net 14 IO12)
  (net 15 IO13)
  (net 16 SD2)
  (net 17 SD3)
  (net 18 CS)
  (net 19 CLK)
  (net 20 SD0)
  (net 21 SD1)
  (net 22 "Net-(ANT1-Pad23)")
  (net 23 IO2)
  (net 24 IO0)
  (net 25 IO4)
  (net 26 IO16)
  (net 27 IO17)
  (net 28 IO5)
  (net 29 IO18)
  (net 30 IO19)
  (net 31 "Net-(ANT1-Pad32)")
  (net 32 SDA)
  (net 33 RX)
  (net 34 TX)
  (net 35 SCL)
  (net 36 IO23)
  (net 37 "Net-(C2-Pad1)")
  (net 38 "Net-(C3-Pad1)")
  (net 39 "Net-(D1-Pad2)")
  (net 40 "Net-(D2-Pad2)")
  (net 41 "Net-(D3-Pad2)")
  (net 42 "Net-(LS1-Pad1)")
  (net 43 "Net-(R1-Pad1)")
  (net 44 "Net-(R3-Pad1)")
  (net 45 "Net-(SW3-Pad2)")
  (net 46 "Net-(U1-Pad8)")
  (net 47 "Net-(U1-Pad10)")
  (net 48 "Net-(U1-Pad12)")
  (net 49 "Net-(U1-Pad6)")
  (net 50 "Net-(U2-Pad13)")
  (net 51 "Net-(U2-Pad10)")
  (net 52 "Net-(U2-Pad12)")
  (net 53 "Net-(U2-Pad14)")
  (net 54 "Net-(U2-Pad11)")
  (net 55 +5V)

  (net_class Default "This is the default net class."
    (clearance 0.254)
    (trace_width 0.254)
    (via_dia 0.762)
    (via_drill 0.381)
    (uvia_dia 0.762)
    (uvia_drill 0.381)
    (add_net +3V3)
    (add_net +5V)
    (add_net CLK)
    (add_net CS)
    (add_net GND)
    (add_net GPIO36)
    (add_net GPIO39)
    (add_net IO0)
    (add_net IO12)
    (add_net IO13)
    (add_net IO14)
    (add_net IO16)
    (add_net IO17)
    (add_net IO18)
    (add_net IO19)
    (add_net IO2)
    (add_net IO23)
    (add_net IO25)
    (add_net IO26)
    (add_net IO27)
    (add_net IO34)
    (add_net IO35)
    (add_net IO4)
    (add_net IO5)
    (add_net "Net-(ANT1-Pad23)")
    (add_net "Net-(ANT1-Pad32)")
    (add_net "Net-(ANT1-Pad8)")
    (add_net "Net-(ANT1-Pad9)")
    (add_net "Net-(C2-Pad1)")
    (add_net "Net-(C3-Pad1)")
    (add_net "Net-(D1-Pad2)")
    (add_net "Net-(D2-Pad2)")
    (add_net "Net-(D3-Pad2)")
    (add_net "Net-(LS1-Pad1)")
    (add_net "Net-(R1-Pad1)")
    (add_net "Net-(R3-Pad1)")
    (add_net "Net-(SW3-Pad2)")
    (add_net "Net-(U1-Pad10)")
    (add_net "Net-(U1-Pad12)")
    (add_net "Net-(U1-Pad6)")
    (add_net "Net-(U1-Pad8)")
    (add_net "Net-(U2-Pad10)")
    (add_net "Net-(U2-Pad11)")
    (add_net "Net-(U2-Pad12)")
    (add_net "Net-(U2-Pad13)")
    (add_net "Net-(U2-Pad14)")
    (add_net RESET)
    (add_net RX)
    (add_net SCL)
    (add_net SD0)
    (add_net SD1)
    (add_net SD2)
    (add_net SD3)
    (add_net SDA)
    (add_net TX)
  )

  (module Noggin:ESP32WROOM32D (layer F.Cu) (tedit 0) (tstamp 62210472)
    (at 140.650001 95.846001)
    (descr ESP32-WROOM-32D-1)
    (tags Antenna)
    (path /62150DEA)
    (attr smd)
    (fp_text reference ANT1 (at 0 0) (layer F.SilkS)
      (effects (font (size 1.27 1.27) (thickness 0.254)))
    )
    (fp_text value ESP32-WROOM-32D (at 0 0) (layer F.SilkS) hide
      (effects (font (size 1.27 1.27) (thickness 0.254)))
    )
    (fp_text user %R (at 0 0) (layer F.Fab)
      (effects (font (size 1.27 1.27) (thickness 0.254)))
    )
    (fp_line (start -8.65 -13) (end 9.35 -13) (layer F.Fab) (width 0.2))
    (fp_line (start 9.35 -13) (end 9.35 12.5) (layer F.Fab) (width 0.2))
    (fp_line (start 9.35 12.5) (end -8.65 12.5) (layer F.Fab) (width 0.2))
    (fp_line (start -8.65 12.5) (end -8.65 -13) (layer F.Fab) (width 0.2))
    (fp_line (start -10.35 -13.5) (end 10.35 -13.5) (layer F.CrtYd) (width 0.1))
    (fp_line (start 10.35 -13.5) (end 10.35 13.5) (layer F.CrtYd) (width 0.1))
    (fp_line (start 10.35 13.5) (end -10.35 13.5) (layer F.CrtYd) (width 0.1))
    (fp_line (start -10.35 13.5) (end -10.35 -13.5) (layer F.CrtYd) (width 0.1))
    (fp_line (start -8.65 12) (end -8.65 12.5) (layer F.SilkS) (width 0.1))
    (fp_line (start -8.65 12.5) (end -6.65 12.5) (layer F.SilkS) (width 0.1))
    (fp_line (start 7.35 12.5) (end 9.35 12.5) (layer F.SilkS) (width 0.1))
    (fp_line (start 9.35 12.5) (end 9.35 12) (layer F.SilkS) (width 0.1))
    (fp_line (start -8.65 -6.75) (end -8.65 -13) (layer F.SilkS) (width 0.1))
    (fp_line (start -8.65 -13) (end 9.35 -13) (layer F.SilkS) (width 0.1))
    (fp_line (start 9.35 -13) (end 9.35 -6.75) (layer F.SilkS) (width 0.1))
    (fp_line (start -9.75 -5.65) (end -9.75 -5.65) (layer F.SilkS) (width 0.2))
    (fp_line (start -9.75 -5.45) (end -9.75 -5.45) (layer F.SilkS) (width 0.2))
    (fp_arc (start -9.75 -5.55) (end -9.75 -5.65) (angle 180) (layer F.SilkS) (width 0.2))
    (fp_arc (start -9.75 -5.55) (end -9.75 -5.45) (angle 180) (layer F.SilkS) (width 0.2))
    (pad 1 smd rect (at -8.15 -5.51 90) (size 0.9 2) (layers F.Cu F.Paste F.Mask)
      (net 1 GND))
    (pad 2 smd rect (at -8.15 -4.24 90) (size 0.9 2) (layers F.Cu F.Paste F.Mask)
      (net 2 +3V3))
    (pad 3 smd rect (at -8.15 -2.97 90) (size 0.9 2) (layers F.Cu F.Paste F.Mask)
      (net 3 RESET))
    (pad 4 smd rect (at -8.15 -1.7 90) (size 0.9 2) (layers F.Cu F.Paste F.Mask)
      (net 4 GPIO36))
    (pad 5 smd rect (at -8.15 -0.43 90) (size 0.9 2) (layers F.Cu F.Paste F.Mask)
      (net 5 GPIO39))
    (pad 6 smd rect (at -8.15 0.84 90) (size 0.9 2) (layers F.Cu F.Paste F.Mask)
      (net 6 IO34))
    (pad 7 smd rect (at -8.15 2.11 90) (size 0.9 2) (layers F.Cu F.Paste F.Mask)
      (net 7 IO35))
    (pad 8 smd rect (at -8.15 3.38 90) (size 0.9 2) (layers F.Cu F.Paste F.Mask)
      (net 8 "Net-(ANT1-Pad8)"))
    (pad 9 smd rect (at -8.15 4.65 90) (size 0.9 2) (layers F.Cu F.Paste F.Mask)
      (net 9 "Net-(ANT1-Pad9)"))
    (pad 10 smd rect (at -8.15 5.92 90) (size 0.9 2) (layers F.Cu F.Paste F.Mask)
      (net 10 IO25))
    (pad 11 smd rect (at -8.15 7.19 90) (size 0.9 2) (layers F.Cu F.Paste F.Mask)
      (net 11 IO26))
    (pad 12 smd rect (at -8.15 8.46 90) (size 0.9 2) (layers F.Cu F.Paste F.Mask)
      (net 12 IO27))
    (pad 13 smd rect (at -8.15 9.73 90) (size 0.9 2) (layers F.Cu F.Paste F.Mask)
      (net 13 IO14))
    (pad 14 smd rect (at -8.15 11 90) (size 0.9 2) (layers F.Cu F.Paste F.Mask)
      (net 14 IO12))
    (pad 15 smd rect (at -5.365 12) (size 0.9 2) (layers F.Cu F.Paste F.Mask)
      (net 1 GND))
    (pad 16 smd rect (at -4.095 12) (size 0.9 2) (layers F.Cu F.Paste F.Mask)
      (net 15 IO13))
    (pad 17 smd rect (at -2.825 12) (size 0.9 2) (layers F.Cu F.Paste F.Mask)
      (net 16 SD2))
    (pad 18 smd rect (at -1.555 12) (size 0.9 2) (layers F.Cu F.Paste F.Mask)
      (net 17 SD3))
    (pad 19 smd rect (at -0.285 12) (size 0.9 2) (layers F.Cu F.Paste F.Mask)
      (net 18 CS))
    (pad 20 smd rect (at 0.985 12) (size 0.9 2) (layers F.Cu F.Paste F.Mask)
      (net 19 CLK))
    (pad 21 smd rect (at 2.255 12) (size 0.9 2) (layers F.Cu F.Paste F.Mask)
      (net 20 SD0))
    (pad 22 smd rect (at 3.525 12) (size 0.9 2) (layers F.Cu F.Paste F.Mask)
      (net 21 SD1))
    (pad 23 smd rect (at 4.795 12) (size 0.9 2) (layers F.Cu F.Paste F.Mask)
      (net 22 "Net-(ANT1-Pad23)"))
    (pad 24 smd rect (at 6.065 12) (size 0.9 2) (layers F.Cu F.Paste F.Mask)
      (net 23 IO2))
    (pad 25 smd rect (at 8.85 11 90) (size 0.9 2) (layers F.Cu F.Paste F.Mask)
      (net 24 IO0))
    (pad 26 smd rect (at 8.85 9.73 90) (size 0.9 2) (layers F.Cu F.Paste F.Mask)
      (net 25 IO4))
    (pad 27 smd rect (at 8.85 8.46 90) (size 0.9 2) (layers F.Cu F.Paste F.Mask)
      (net 26 IO16))
    (pad 28 smd rect (at 8.85 7.19 90) (size 0.9 2) (layers F.Cu F.Paste F.Mask)
      (net 27 IO17))
    (pad 29 smd rect (at 8.85 5.92 90) (size 0.9 2) (layers F.Cu F.Paste F.Mask)
      (net 28 IO5))
    (pad 30 smd rect (at 8.85 4.65 90) (size 0.9 2) (layers F.Cu F.Paste F.Mask)
      (net 29 IO18))
    (pad 31 smd rect (at 8.85 3.38 90) (size 0.9 2) (layers F.Cu F.Paste F.Mask)
      (net 30 IO19))
    (pad 32 smd rect (at 8.85 2.11 90) (size 0.9 2) (layers F.Cu F.Paste F.Mask)
      (net 31 "Net-(ANT1-Pad32)"))
    (pad 33 smd rect (at 8.85 0.84 90) (size 0.9 2) (layers F.Cu F.Paste F.Mask)
      (net 32 SDA))
    (pad 34 smd rect (at 8.85 -0.43 90) (size 0.9 2) (layers F.Cu F.Paste F.Mask)
      (net 33 RX))
    (pad 35 smd rect (at 8.85 -1.7 90) (size 0.9 2) (layers F.Cu F.Paste F.Mask)
      (net 34 TX))
    (pad 36 smd rect (at 8.85 -2.97 90) (size 0.9 2) (layers F.Cu F.Paste F.Mask)
      (net 35 SCL))
    (pad 37 smd rect (at 8.85 -4.24 90) (size 0.9 2) (layers F.Cu F.Paste F.Mask)
      (net 36 IO23))
    (pad 38 smd rect (at 8.85 -5.51 90) (size 0.9 2) (layers F.Cu F.Paste F.Mask)
      (net 1 GND))
    (pad 39 smd rect (at -0.65 1.99 90) (size 5 5) (layers F.Cu F.Paste F.Mask)
      (net 1 GND))
    (model ESP32-WROOM-32D.stp
      (offset (xyz 0.3099999977284427 0.1899999947622996 0.3999999999530684))
      (scale (xyz 1 1 1))
      (rotate (xyz 0 0 0))
    )
  )

  (module Capacitor_SMD:C_0805_2012Metric_Pad1.15x1.40mm_HandSolder (layer F.Cu) (tedit 5B36C52B) (tstamp 62210483)
    (at 115.307 82.296)
    (descr "Capacitor SMD 0805 (2012 Metric), square (rectangular) end terminal, IPC_7351 nominal with elongated pad for handsoldering. (Body size source: https://docs.google.com/spreadsheets/d/1BsfQQcO9C6DZCsRaXUlFlo91Tg2WpOkGARC1WS5S8t0/edit?usp=sharing), generated with kicad-footprint-generator")
    (tags "capacitor handsolder")
    (path /622A42B5)
    (attr smd)
    (fp_text reference C1 (at 0 -1.65) (layer F.SilkS)
      (effects (font (size 1 1) (thickness 0.15)))
    )
    (fp_text value 1u (at 0 1.65) (layer F.Fab)
      (effects (font (size 1 1) (thickness 0.15)))
    )
    (fp_line (start -1 0.6) (end -1 -0.6) (layer F.Fab) (width 0.1))
    (fp_line (start -1 -0.6) (end 1 -0.6) (layer F.Fab) (width 0.1))
    (fp_line (start 1 -0.6) (end 1 0.6) (layer F.Fab) (width 0.1))
    (fp_line (start 1 0.6) (end -1 0.6) (layer F.Fab) (width 0.1))
    (fp_line (start -0.261252 -0.71) (end 0.261252 -0.71) (layer F.SilkS) (width 0.12))
    (fp_line (start -0.261252 0.71) (end 0.261252 0.71) (layer F.SilkS) (width 0.12))
    (fp_line (start -1.85 0.95) (end -1.85 -0.95) (layer F.CrtYd) (width 0.05))
    (fp_line (start -1.85 -0.95) (end 1.85 -0.95) (layer F.CrtYd) (width 0.05))
    (fp_line (start 1.85 -0.95) (end 1.85 0.95) (layer F.CrtYd) (width 0.05))
    (fp_line (start 1.85 0.95) (end -1.85 0.95) (layer F.CrtYd) (width 0.05))
    (fp_text user %R (at 0 0) (layer F.Fab)
      (effects (font (size 0.5 0.5) (thickness 0.08)))
    )
    (pad 1 smd roundrect (at -1.025 0) (size 1.15 1.4) (layers F.Cu F.Paste F.Mask) (roundrect_rratio 0.217391)
      (net 3 RESET))
    (pad 2 smd roundrect (at 1.025 0) (size 1.15 1.4) (layers F.Cu F.Paste F.Mask) (roundrect_rratio 0.217391)
      (net 1 GND))
    (model ${KISYS3DMOD}/Capacitor_SMD.3dshapes/C_0805_2012Metric.wrl
      (at (xyz 0 0 0))
      (scale (xyz 1 1 1))
      (rotate (xyz 0 0 0))
    )
  )

  (module Capacitor_SMD:C_0805_2012Metric_Pad1.15x1.40mm_HandSolder (layer F.Cu) (tedit 5B36C52B) (tstamp 62210494)
    (at 107.188 124.46)
    (descr "Capacitor SMD 0805 (2012 Metric), square (rectangular) end terminal, IPC_7351 nominal with elongated pad for handsoldering. (Body size source: https://docs.google.com/spreadsheets/d/1BsfQQcO9C6DZCsRaXUlFlo91Tg2WpOkGARC1WS5S8t0/edit?usp=sharing), generated with kicad-footprint-generator")
    (tags "capacitor handsolder")
    (path /6215D20A)
    (attr smd)
    (fp_text reference C2 (at 0 -1.65) (layer F.SilkS)
      (effects (font (size 1 1) (thickness 0.15)))
    )
    (fp_text value 0.1u (at 0 1.65) (layer F.Fab)
      (effects (font (size 1 1) (thickness 0.15)))
    )
    (fp_text user %R (at 0.245 0) (layer F.Fab)
      (effects (font (size 0.5 0.5) (thickness 0.08)))
    )
    (fp_line (start 1.85 0.95) (end -1.85 0.95) (layer F.CrtYd) (width 0.05))
    (fp_line (start 1.85 -0.95) (end 1.85 0.95) (layer F.CrtYd) (width 0.05))
    (fp_line (start -1.85 -0.95) (end 1.85 -0.95) (layer F.CrtYd) (width 0.05))
    (fp_line (start -1.85 0.95) (end -1.85 -0.95) (layer F.CrtYd) (width 0.05))
    (fp_line (start -0.261252 0.71) (end 0.261252 0.71) (layer F.SilkS) (width 0.12))
    (fp_line (start -0.261252 -0.71) (end 0.261252 -0.71) (layer F.SilkS) (width 0.12))
    (fp_line (start 1 0.6) (end -1 0.6) (layer F.Fab) (width 0.1))
    (fp_line (start 1 -0.6) (end 1 0.6) (layer F.Fab) (width 0.1))
    (fp_line (start -1 -0.6) (end 1 -0.6) (layer F.Fab) (width 0.1))
    (fp_line (start -1 0.6) (end -1 -0.6) (layer F.Fab) (width 0.1))
    (pad 2 smd roundrect (at 1.025 0) (size 1.15 1.4) (layers F.Cu F.Paste F.Mask) (roundrect_rratio 0.217391)
      (net 1 GND))
    (pad 1 smd roundrect (at -1.025 0) (size 1.15 1.4) (layers F.Cu F.Paste F.Mask) (roundrect_rratio 0.217391)
      (net 37 "Net-(C2-Pad1)"))
    (model ${KISYS3DMOD}/Capacitor_SMD.3dshapes/C_0805_2012Metric.wrl
      (at (xyz 0 0 0))
      (scale (xyz 1 1 1))
      (rotate (xyz 0 0 0))
    )
  )

  (module Capacitor_SMD:C_0805_2012Metric_Pad1.15x1.40mm_HandSolder (layer F.Cu) (tedit 5B36C52B) (tstamp 622104A5)
    (at 106.943 136.652)
    (descr "Capacitor SMD 0805 (2012 Metric), square (rectangular) end terminal, IPC_7351 nominal with elongated pad for handsoldering. (Body size source: https://docs.google.com/spreadsheets/d/1BsfQQcO9C6DZCsRaXUlFlo91Tg2WpOkGARC1WS5S8t0/edit?usp=sharing), generated with kicad-footprint-generator")
    (tags "capacitor handsolder")
    (path /621F5611)
    (attr smd)
    (fp_text reference C3 (at 0 -1.65) (layer F.SilkS)
      (effects (font (size 1 1) (thickness 0.15)))
    )
    (fp_text value 0.1u (at 0 1.65) (layer F.Fab)
      (effects (font (size 1 1) (thickness 0.15)))
    )
    (fp_text user %R (at 0 0) (layer F.Fab)
      (effects (font (size 0.5 0.5) (thickness 0.08)))
    )
    (fp_line (start 1.85 0.95) (end -1.85 0.95) (layer F.CrtYd) (width 0.05))
    (fp_line (start 1.85 -0.95) (end 1.85 0.95) (layer F.CrtYd) (width 0.05))
    (fp_line (start -1.85 -0.95) (end 1.85 -0.95) (layer F.CrtYd) (width 0.05))
    (fp_line (start -1.85 0.95) (end -1.85 -0.95) (layer F.CrtYd) (width 0.05))
    (fp_line (start -0.261252 0.71) (end 0.261252 0.71) (layer F.SilkS) (width 0.12))
    (fp_line (start -0.261252 -0.71) (end 0.261252 -0.71) (layer F.SilkS) (width 0.12))
    (fp_line (start 1 0.6) (end -1 0.6) (layer F.Fab) (width 0.1))
    (fp_line (start 1 -0.6) (end 1 0.6) (layer F.Fab) (width 0.1))
    (fp_line (start -1 -0.6) (end 1 -0.6) (layer F.Fab) (width 0.1))
    (fp_line (start -1 0.6) (end -1 -0.6) (layer F.Fab) (width 0.1))
    (pad 2 smd roundrect (at 1.025 0) (size 1.15 1.4) (layers F.Cu F.Paste F.Mask) (roundrect_rratio 0.217391)
      (net 1 GND))
    (pad 1 smd roundrect (at -1.025 0) (size 1.15 1.4) (layers F.Cu F.Paste F.Mask) (roundrect_rratio 0.217391)
      (net 38 "Net-(C3-Pad1)"))
    (model ${KISYS3DMOD}/Capacitor_SMD.3dshapes/C_0805_2012Metric.wrl
      (at (xyz 0 0 0))
      (scale (xyz 1 1 1))
      (rotate (xyz 0 0 0))
    )
  )

  (module Capacitor_SMD:C_0805_2012Metric_Pad1.15x1.40mm_HandSolder (layer F.Cu) (tedit 5B36C52B) (tstamp 622104B6)
    (at 116.586 73.152 90)
    (descr "Capacitor SMD 0805 (2012 Metric), square (rectangular) end terminal, IPC_7351 nominal with elongated pad for handsoldering. (Body size source: https://docs.google.com/spreadsheets/d/1BsfQQcO9C6DZCsRaXUlFlo91Tg2WpOkGARC1WS5S8t0/edit?usp=sharing), generated with kicad-footprint-generator")
    (tags "capacitor handsolder")
    (path /62280047)
    (attr smd)
    (fp_text reference C6 (at 0 -1.65 90) (layer F.SilkS)
      (effects (font (size 1 1) (thickness 0.15)))
    )
    (fp_text value 100n (at 0 1.65 90) (layer F.Fab)
      (effects (font (size 1 1) (thickness 0.15)))
    )
    (fp_line (start -1 0.6) (end -1 -0.6) (layer F.Fab) (width 0.1))
    (fp_line (start -1 -0.6) (end 1 -0.6) (layer F.Fab) (width 0.1))
    (fp_line (start 1 -0.6) (end 1 0.6) (layer F.Fab) (width 0.1))
    (fp_line (start 1 0.6) (end -1 0.6) (layer F.Fab) (width 0.1))
    (fp_line (start -0.261252 -0.71) (end 0.261252 -0.71) (layer F.SilkS) (width 0.12))
    (fp_line (start -0.261252 0.71) (end 0.261252 0.71) (layer F.SilkS) (width 0.12))
    (fp_line (start -1.85 0.95) (end -1.85 -0.95) (layer F.CrtYd) (width 0.05))
    (fp_line (start -1.85 -0.95) (end 1.85 -0.95) (layer F.CrtYd) (width 0.05))
    (fp_line (start 1.85 -0.95) (end 1.85 0.95) (layer F.CrtYd) (width 0.05))
    (fp_line (start 1.85 0.95) (end -1.85 0.95) (layer F.CrtYd) (width 0.05))
    (fp_text user %R (at 0 0 90) (layer F.Fab)
      (effects (font (size 0.5 0.5) (thickness 0.08)))
    )
    (pad 1 smd roundrect (at -1.025 0 90) (size 1.15 1.4) (layers F.Cu F.Paste F.Mask) (roundrect_rratio 0.217391)
      (net 2 +3V3))
    (pad 2 smd roundrect (at 1.025 0 90) (size 1.15 1.4) (layers F.Cu F.Paste F.Mask) (roundrect_rratio 0.217391)
      (net 1 GND))
    (model ${KISYS3DMOD}/Capacitor_SMD.3dshapes/C_0805_2012Metric.wrl
      (at (xyz 0 0 0))
      (scale (xyz 1 1 1))
      (rotate (xyz 0 0 0))
    )
  )

  (module Capacitor_SMD:C_0805_2012Metric_Pad1.15x1.40mm_HandSolder (layer F.Cu) (tedit 5B36C52B) (tstamp 622104C7)
    (at 128.016 89.916 90)
    (descr "Capacitor SMD 0805 (2012 Metric), square (rectangular) end terminal, IPC_7351 nominal with elongated pad for handsoldering. (Body size source: https://docs.google.com/spreadsheets/d/1BsfQQcO9C6DZCsRaXUlFlo91Tg2WpOkGARC1WS5S8t0/edit?usp=sharing), generated with kicad-footprint-generator")
    (tags "capacitor handsolder")
    (path /621F9EF2)
    (attr smd)
    (fp_text reference CP4 (at 0 -1.65 90) (layer F.SilkS)
      (effects (font (size 1 1) (thickness 0.15)))
    )
    (fp_text value 10u (at 0 1.65 90) (layer F.Fab)
      (effects (font (size 1 1) (thickness 0.15)))
    )
    (fp_text user %R (at 0 0 90) (layer F.Fab)
      (effects (font (size 0.5 0.5) (thickness 0.08)))
    )
    (fp_line (start 1.85 0.95) (end -1.85 0.95) (layer F.CrtYd) (width 0.05))
    (fp_line (start 1.85 -0.95) (end 1.85 0.95) (layer F.CrtYd) (width 0.05))
    (fp_line (start -1.85 -0.95) (end 1.85 -0.95) (layer F.CrtYd) (width 0.05))
    (fp_line (start -1.85 0.95) (end -1.85 -0.95) (layer F.CrtYd) (width 0.05))
    (fp_line (start -0.261252 0.71) (end 0.261252 0.71) (layer F.SilkS) (width 0.12))
    (fp_line (start -0.261252 -0.71) (end 0.261252 -0.71) (layer F.SilkS) (width 0.12))
    (fp_line (start 1 0.6) (end -1 0.6) (layer F.Fab) (width 0.1))
    (fp_line (start 1 -0.6) (end 1 0.6) (layer F.Fab) (width 0.1))
    (fp_line (start -1 -0.6) (end 1 -0.6) (layer F.Fab) (width 0.1))
    (fp_line (start -1 0.6) (end -1 -0.6) (layer F.Fab) (width 0.1))
    (pad 2 smd roundrect (at 1.025 0 90) (size 1.15 1.4) (layers F.Cu F.Paste F.Mask) (roundrect_rratio 0.217391)
      (net 1 GND))
    (pad 1 smd roundrect (at -1.025 0 90) (size 1.15 1.4) (layers F.Cu F.Paste F.Mask) (roundrect_rratio 0.217391)
      (net 2 +3V3))
    (model ${KISYS3DMOD}/Capacitor_SMD.3dshapes/C_0805_2012Metric.wrl
      (at (xyz 0 0 0))
      (scale (xyz 1 1 1))
      (rotate (xyz 0 0 0))
    )
  )

  (module Capacitor_SMD:C_0805_2012Metric_Pad1.15x1.40mm_HandSolder (layer F.Cu) (tedit 5B36C52B) (tstamp 622104D8)
    (at 123.444 89.916 90)
    (descr "Capacitor SMD 0805 (2012 Metric), square (rectangular) end terminal, IPC_7351 nominal with elongated pad for handsoldering. (Body size source: https://docs.google.com/spreadsheets/d/1BsfQQcO9C6DZCsRaXUlFlo91Tg2WpOkGARC1WS5S8t0/edit?usp=sharing), generated with kicad-footprint-generator")
    (tags "capacitor handsolder")
    (path /621FAF6D)
    (attr smd)
    (fp_text reference CP5 (at 0 -1.65 90) (layer F.SilkS)
      (effects (font (size 1 1) (thickness 0.15)))
    )
    (fp_text value 0.1u (at 0 1.65 90) (layer F.Fab)
      (effects (font (size 1 1) (thickness 0.15)))
    )
    (fp_line (start -1 0.6) (end -1 -0.6) (layer F.Fab) (width 0.1))
    (fp_line (start -1 -0.6) (end 1 -0.6) (layer F.Fab) (width 0.1))
    (fp_line (start 1 -0.6) (end 1 0.6) (layer F.Fab) (width 0.1))
    (fp_line (start 1 0.6) (end -1 0.6) (layer F.Fab) (width 0.1))
    (fp_line (start -0.261252 -0.71) (end 0.261252 -0.71) (layer F.SilkS) (width 0.12))
    (fp_line (start -0.261252 0.71) (end 0.261252 0.71) (layer F.SilkS) (width 0.12))
    (fp_line (start -1.85 0.95) (end -1.85 -0.95) (layer F.CrtYd) (width 0.05))
    (fp_line (start -1.85 -0.95) (end 1.85 -0.95) (layer F.CrtYd) (width 0.05))
    (fp_line (start 1.85 -0.95) (end 1.85 0.95) (layer F.CrtYd) (width 0.05))
    (fp_line (start 1.85 0.95) (end -1.85 0.95) (layer F.CrtYd) (width 0.05))
    (fp_text user %R (at 0 0 90) (layer F.Fab)
      (effects (font (size 0.5 0.5) (thickness 0.08)))
    )
    (pad 1 smd roundrect (at -1.025 0 90) (size 1.15 1.4) (layers F.Cu F.Paste F.Mask) (roundrect_rratio 0.217391)
      (net 2 +3V3))
    (pad 2 smd roundrect (at 1.025 0 90) (size 1.15 1.4) (layers F.Cu F.Paste F.Mask) (roundrect_rratio 0.217391)
      (net 1 GND))
    (model ${KISYS3DMOD}/Capacitor_SMD.3dshapes/C_0805_2012Metric.wrl
      (at (xyz 0 0 0))
      (scale (xyz 1 1 1))
      (rotate (xyz 0 0 0))
    )
  )

  (module Capacitor_SMD:C_0805_2012Metric_Pad1.15x1.40mm_HandSolder (layer F.Cu) (tedit 5B36C52B) (tstamp 622104E9)
    (at 135.382 118.364 90)
    (descr "Capacitor SMD 0805 (2012 Metric), square (rectangular) end terminal, IPC_7351 nominal with elongated pad for handsoldering. (Body size source: https://docs.google.com/spreadsheets/d/1BsfQQcO9C6DZCsRaXUlFlo91Tg2WpOkGARC1WS5S8t0/edit?usp=sharing), generated with kicad-footprint-generator")
    (tags "capacitor handsolder")
    (path /62152961)
    (attr smd)
    (fp_text reference D1 (at 0 -1.65 90) (layer F.SilkS)
      (effects (font (size 1 1) (thickness 0.15)))
    )
    (fp_text value "Green LED" (at 0 1.65 90) (layer F.Fab)
      (effects (font (size 1 1) (thickness 0.15)))
    )
    (fp_line (start -1 0.6) (end -1 -0.6) (layer F.Fab) (width 0.1))
    (fp_line (start -1 -0.6) (end 1 -0.6) (layer F.Fab) (width 0.1))
    (fp_line (start 1 -0.6) (end 1 0.6) (layer F.Fab) (width 0.1))
    (fp_line (start 1 0.6) (end -1 0.6) (layer F.Fab) (width 0.1))
    (fp_line (start -0.261252 -0.71) (end 0.261252 -0.71) (layer F.SilkS) (width 0.12))
    (fp_line (start -0.261252 0.71) (end 0.261252 0.71) (layer F.SilkS) (width 0.12))
    (fp_line (start -1.85 0.95) (end -1.85 -0.95) (layer F.CrtYd) (width 0.05))
    (fp_line (start -1.85 -0.95) (end 1.85 -0.95) (layer F.CrtYd) (width 0.05))
    (fp_line (start 1.85 -0.95) (end 1.85 0.95) (layer F.CrtYd) (width 0.05))
    (fp_line (start 1.85 0.95) (end -1.85 0.95) (layer F.CrtYd) (width 0.05))
    (fp_text user %R (at 0 0 90) (layer F.Fab)
      (effects (font (size 0.5 0.5) (thickness 0.08)))
    )
    (pad 1 smd roundrect (at -1.025 0 90) (size 1.15 1.4) (layers F.Cu F.Paste F.Mask) (roundrect_rratio 0.217391)
      (net 1 GND))
    (pad 2 smd roundrect (at 1.025 0 90) (size 1.15 1.4) (layers F.Cu F.Paste F.Mask) (roundrect_rratio 0.217391)
      (net 39 "Net-(D1-Pad2)"))
    (model ${KISYS3DMOD}/Capacitor_SMD.3dshapes/C_0805_2012Metric.wrl
      (at (xyz 0 0 0))
      (scale (xyz 1 1 1))
      (rotate (xyz 0 0 0))
    )
  )

  (module Capacitor_SMD:C_0805_2012Metric_Pad1.15x1.40mm_HandSolder (layer F.Cu) (tedit 5B36C52B) (tstamp 622104FA)
    (at 131.318 118.373 90)
    (descr "Capacitor SMD 0805 (2012 Metric), square (rectangular) end terminal, IPC_7351 nominal with elongated pad for handsoldering. (Body size source: https://docs.google.com/spreadsheets/d/1BsfQQcO9C6DZCsRaXUlFlo91Tg2WpOkGARC1WS5S8t0/edit?usp=sharing), generated with kicad-footprint-generator")
    (tags "capacitor handsolder")
    (path /62153081)
    (attr smd)
    (fp_text reference D2 (at 0 -1.65 90) (layer F.SilkS)
      (effects (font (size 1 1) (thickness 0.15)))
    )
    (fp_text value "Red LED" (at 0 1.65 90) (layer F.Fab)
      (effects (font (size 1 1) (thickness 0.15)))
    )
    (fp_line (start -1 0.6) (end -1 -0.6) (layer F.Fab) (width 0.1))
    (fp_line (start -1 -0.6) (end 1 -0.6) (layer F.Fab) (width 0.1))
    (fp_line (start 1 -0.6) (end 1 0.6) (layer F.Fab) (width 0.1))
    (fp_line (start 1 0.6) (end -1 0.6) (layer F.Fab) (width 0.1))
    (fp_line (start -0.261252 -0.71) (end 0.261252 -0.71) (layer F.SilkS) (width 0.12))
    (fp_line (start -0.261252 0.71) (end 0.261252 0.71) (layer F.SilkS) (width 0.12))
    (fp_line (start -1.85 0.95) (end -1.85 -0.95) (layer F.CrtYd) (width 0.05))
    (fp_line (start -1.85 -0.95) (end 1.85 -0.95) (layer F.CrtYd) (width 0.05))
    (fp_line (start 1.85 -0.95) (end 1.85 0.95) (layer F.CrtYd) (width 0.05))
    (fp_line (start 1.85 0.95) (end -1.85 0.95) (layer F.CrtYd) (width 0.05))
    (fp_text user %R (at 0 0 90) (layer F.Fab)
      (effects (font (size 0.5 0.5) (thickness 0.08)))
    )
    (pad 1 smd roundrect (at -1.025 0 90) (size 1.15 1.4) (layers F.Cu F.Paste F.Mask) (roundrect_rratio 0.217391)
      (net 1 GND))
    (pad 2 smd roundrect (at 1.025 0 90) (size 1.15 1.4) (layers F.Cu F.Paste F.Mask) (roundrect_rratio 0.217391)
      (net 40 "Net-(D2-Pad2)"))
    (model ${KISYS3DMOD}/Capacitor_SMD.3dshapes/C_0805_2012Metric.wrl
      (at (xyz 0 0 0))
      (scale (xyz 1 1 1))
      (rotate (xyz 0 0 0))
    )
  )

  (module Capacitor_SMD:C_0805_2012Metric_Pad1.15x1.40mm_HandSolder (layer F.Cu) (tedit 5B36C52B) (tstamp 6221050B)
    (at 131.318 78.232)
    (descr "Capacitor SMD 0805 (2012 Metric), square (rectangular) end terminal, IPC_7351 nominal with elongated pad for handsoldering. (Body size source: https://docs.google.com/spreadsheets/d/1BsfQQcO9C6DZCsRaXUlFlo91Tg2WpOkGARC1WS5S8t0/edit?usp=sharing), generated with kicad-footprint-generator")
    (tags "capacitor handsolder")
    (path /621F9355)
    (attr smd)
    (fp_text reference D3 (at 0 -1.65) (layer F.SilkS)
      (effects (font (size 1 1) (thickness 0.15)))
    )
    (fp_text value LED (at 0 1.65) (layer F.Fab)
      (effects (font (size 1 1) (thickness 0.15)))
    )
    (fp_line (start -1 0.6) (end -1 -0.6) (layer F.Fab) (width 0.1))
    (fp_line (start -1 -0.6) (end 1 -0.6) (layer F.Fab) (width 0.1))
    (fp_line (start 1 -0.6) (end 1 0.6) (layer F.Fab) (width 0.1))
    (fp_line (start 1 0.6) (end -1 0.6) (layer F.Fab) (width 0.1))
    (fp_line (start -0.261252 -0.71) (end 0.261252 -0.71) (layer F.SilkS) (width 0.12))
    (fp_line (start -0.261252 0.71) (end 0.261252 0.71) (layer F.SilkS) (width 0.12))
    (fp_line (start -1.85 0.95) (end -1.85 -0.95) (layer F.CrtYd) (width 0.05))
    (fp_line (start -1.85 -0.95) (end 1.85 -0.95) (layer F.CrtYd) (width 0.05))
    (fp_line (start 1.85 -0.95) (end 1.85 0.95) (layer F.CrtYd) (width 0.05))
    (fp_line (start 1.85 0.95) (end -1.85 0.95) (layer F.CrtYd) (width 0.05))
    (fp_text user %R (at 0 0) (layer F.Fab)
      (effects (font (size 0.5 0.5) (thickness 0.08)))
    )
    (pad 1 smd roundrect (at -1.025 0) (size 1.15 1.4) (layers F.Cu F.Paste F.Mask) (roundrect_rratio 0.217391)
      (net 1 GND))
    (pad 2 smd roundrect (at 1.025 0) (size 1.15 1.4) (layers F.Cu F.Paste F.Mask) (roundrect_rratio 0.217391)
      (net 41 "Net-(D3-Pad2)"))
    (model ${KISYS3DMOD}/Capacitor_SMD.3dshapes/C_0805_2012Metric.wrl
      (at (xyz 0 0 0))
      (scale (xyz 1 1 1))
      (rotate (xyz 0 0 0))
    )
  )

  (module Connector_PinHeader_2.54mm:PinHeader_1x05_P2.54mm_Vertical (layer F.Cu) (tedit 59FED5CC) (tstamp 62210542)
    (at 160.528 99.314)
    (descr "Through hole straight pin header, 1x05, 2.54mm pitch, single row")
    (tags "Through hole pin header THT 1x05 2.54mm single row")
    (path /6221F046)
    (fp_text reference J2 (at 0 -2.33) (layer F.SilkS)
      (effects (font (size 1 1) (thickness 0.15)))
    )
    (fp_text value Conn_01x05 (at 0 12.49) (layer F.Fab)
      (effects (font (size 1 1) (thickness 0.15)))
    )
    (fp_line (start -0.635 -1.27) (end 1.27 -1.27) (layer F.Fab) (width 0.1))
    (fp_line (start 1.27 -1.27) (end 1.27 11.43) (layer F.Fab) (width 0.1))
    (fp_line (start 1.27 11.43) (end -1.27 11.43) (layer F.Fab) (width 0.1))
    (fp_line (start -1.27 11.43) (end -1.27 -0.635) (layer F.Fab) (width 0.1))
    (fp_line (start -1.27 -0.635) (end -0.635 -1.27) (layer F.Fab) (width 0.1))
    (fp_line (start -1.33 11.49) (end 1.33 11.49) (layer F.SilkS) (width 0.12))
    (fp_line (start -1.33 1.27) (end -1.33 11.49) (layer F.SilkS) (width 0.12))
    (fp_line (start 1.33 1.27) (end 1.33 11.49) (layer F.SilkS) (width 0.12))
    (fp_line (start -1.33 1.27) (end 1.33 1.27) (layer F.SilkS) (width 0.12))
    (fp_line (start -1.33 0) (end -1.33 -1.33) (layer F.SilkS) (width 0.12))
    (fp_line (start -1.33 -1.33) (end 0 -1.33) (layer F.SilkS) (width 0.12))
    (fp_line (start -1.8 -1.8) (end -1.8 11.95) (layer F.CrtYd) (width 0.05))
    (fp_line (start -1.8 11.95) (end 1.8 11.95) (layer F.CrtYd) (width 0.05))
    (fp_line (start 1.8 11.95) (end 1.8 -1.8) (layer F.CrtYd) (width 0.05))
    (fp_line (start 1.8 -1.8) (end -1.8 -1.8) (layer F.CrtYd) (width 0.05))
    (fp_text user %R (at 0 5.08 90) (layer F.Fab)
      (effects (font (size 1 1) (thickness 0.15)))
    )
    (pad 1 thru_hole rect (at 0 0) (size 1.7 1.7) (drill 1) (layers *.Cu *.Mask)
      (net 36 IO23))
    (pad 2 thru_hole oval (at 0 2.54) (size 1.7 1.7) (drill 1) (layers *.Cu *.Mask)
      (net 30 IO19))
    (pad 3 thru_hole oval (at 0 5.08) (size 1.7 1.7) (drill 1) (layers *.Cu *.Mask)
      (net 28 IO5))
    (pad 4 thru_hole oval (at 0 7.62) (size 1.7 1.7) (drill 1) (layers *.Cu *.Mask)
      (net 25 IO4))
    (pad 5 thru_hole oval (at 0 10.16) (size 1.7 1.7) (drill 1) (layers *.Cu *.Mask)
      (net 23 IO2))
    (model ${KISYS3DMOD}/Connector_PinHeader_2.54mm.3dshapes/PinHeader_1x05_P2.54mm_Vertical.wrl
      (at (xyz 0 0 0))
      (scale (xyz 1 1 1))
      (rotate (xyz 0 0 0))
    )
  )

  (module Connector_PinHeader_2.54mm:PinHeader_1x06_P2.54mm_Vertical (layer F.Cu) (tedit 59FED5CC) (tstamp 6221055C)
    (at 134.112 54.61 90)
    (descr "Through hole straight pin header, 1x06, 2.54mm pitch, single row")
    (tags "Through hole pin header THT 1x06 2.54mm single row")
    (path /623244BF)
    (fp_text reference J16 (at 0 -2.33 90) (layer F.SilkS)
      (effects (font (size 1 1) (thickness 0.15)))
    )
    (fp_text value Conn_01x06_Female (at 0 15.03 90) (layer F.Fab)
      (effects (font (size 1 1) (thickness 0.15)))
    )
    (fp_line (start -0.635 -1.27) (end 1.27 -1.27) (layer F.Fab) (width 0.1))
    (fp_line (start 1.27 -1.27) (end 1.27 13.97) (layer F.Fab) (width 0.1))
    (fp_line (start 1.27 13.97) (end -1.27 13.97) (layer F.Fab) (width 0.1))
    (fp_line (start -1.27 13.97) (end -1.27 -0.635) (layer F.Fab) (width 0.1))
    (fp_line (start -1.27 -0.635) (end -0.635 -1.27) (layer F.Fab) (width 0.1))
    (fp_line (start -1.33 14.03) (end 1.33 14.03) (layer F.SilkS) (width 0.12))
    (fp_line (start -1.33 1.27) (end -1.33 14.03) (layer F.SilkS) (width 0.12))
    (fp_line (start 1.33 1.27) (end 1.33 14.03) (layer F.SilkS) (width 0.12))
    (fp_line (start -1.33 1.27) (end 1.33 1.27) (layer F.SilkS) (width 0.12))
    (fp_line (start -1.33 0) (end -1.33 -1.33) (layer F.SilkS) (width 0.12))
    (fp_line (start -1.33 -1.33) (end 0 -1.33) (layer F.SilkS) (width 0.12))
    (fp_line (start -1.8 -1.8) (end -1.8 14.5) (layer F.CrtYd) (width 0.05))
    (fp_line (start -1.8 14.5) (end 1.8 14.5) (layer F.CrtYd) (width 0.05))
    (fp_line (start 1.8 14.5) (end 1.8 -1.8) (layer F.CrtYd) (width 0.05))
    (fp_line (start 1.8 -1.8) (end -1.8 -1.8) (layer F.CrtYd) (width 0.05))
    (fp_text user %R (at 0 6.35) (layer F.Fab)
      (effects (font (size 1 1) (thickness 0.15)))
    )
    (pad 1 thru_hole rect (at 0 0 90) (size 1.7 1.7) (drill 1) (layers *.Cu *.Mask)
      (net 24 IO0))
    (pad 2 thru_hole oval (at 0 2.54 90) (size 1.7 1.7) (drill 1) (layers *.Cu *.Mask)
      (net 3 RESET))
    (pad 3 thru_hole oval (at 0 5.08 90) (size 1.7 1.7) (drill 1) (layers *.Cu *.Mask)
      (net 2 +3V3))
    (pad 4 thru_hole oval (at 0 7.62 90) (size 1.7 1.7) (drill 1) (layers *.Cu *.Mask)
      (net 34 TX))
    (pad 5 thru_hole oval (at 0 10.16 90) (size 1.7 1.7) (drill 1) (layers *.Cu *.Mask)
      (net 33 RX))
    (pad 6 thru_hole oval (at 0 12.7 90) (size 1.7 1.7) (drill 1) (layers *.Cu *.Mask)
      (net 1 GND))
    (model ${KISYS3DMOD}/Connector_PinHeader_2.54mm.3dshapes/PinHeader_1x06_P2.54mm_Vertical.wrl
      (at (xyz 0 0 0))
      (scale (xyz 1 1 1))
      (rotate (xyz 0 0 0))
    )
  )

  (module Connector_PinHeader_2.54mm:PinHeader_1x04_P2.54mm_Vertical (layer F.Cu) (tedit 59FED5CC) (tstamp 62210574)
    (at 160.528 92.71 180)
    (descr "Through hole straight pin header, 1x04, 2.54mm pitch, single row")
    (tags "Through hole pin header THT 1x04 2.54mm single row")
    (path /623C20E4)
    (fp_text reference J17 (at 0 -2.33) (layer F.SilkS)
      (effects (font (size 1 1) (thickness 0.15)))
    )
    (fp_text value Conn_01x04_Female (at 0 9.95) (layer F.Fab)
      (effects (font (size 1 1) (thickness 0.15)))
    )
    (fp_line (start -0.635 -1.27) (end 1.27 -1.27) (layer F.Fab) (width 0.1))
    (fp_line (start 1.27 -1.27) (end 1.27 8.89) (layer F.Fab) (width 0.1))
    (fp_line (start 1.27 8.89) (end -1.27 8.89) (layer F.Fab) (width 0.1))
    (fp_line (start -1.27 8.89) (end -1.27 -0.635) (layer F.Fab) (width 0.1))
    (fp_line (start -1.27 -0.635) (end -0.635 -1.27) (layer F.Fab) (width 0.1))
    (fp_line (start -1.33 8.95) (end 1.33 8.95) (layer F.SilkS) (width 0.12))
    (fp_line (start -1.33 1.27) (end -1.33 8.95) (layer F.SilkS) (width 0.12))
    (fp_line (start 1.33 1.27) (end 1.33 8.95) (layer F.SilkS) (width 0.12))
    (fp_line (start -1.33 1.27) (end 1.33 1.27) (layer F.SilkS) (width 0.12))
    (fp_line (start -1.33 0) (end -1.33 -1.33) (layer F.SilkS) (width 0.12))
    (fp_line (start -1.33 -1.33) (end 0 -1.33) (layer F.SilkS) (width 0.12))
    (fp_line (start -1.8 -1.8) (end -1.8 9.4) (layer F.CrtYd) (width 0.05))
    (fp_line (start -1.8 9.4) (end 1.8 9.4) (layer F.CrtYd) (width 0.05))
    (fp_line (start 1.8 9.4) (end 1.8 -1.8) (layer F.CrtYd) (width 0.05))
    (fp_line (start 1.8 -1.8) (end -1.8 -1.8) (layer F.CrtYd) (width 0.05))
    (fp_text user %R (at 0 3.81 90) (layer F.Fab)
      (effects (font (size 1 1) (thickness 0.15)))
    )
    (pad 1 thru_hole rect (at 0 0 180) (size 1.7 1.7) (drill 1) (layers *.Cu *.Mask)
      (net 1 GND))
    (pad 2 thru_hole oval (at 0 2.54 180) (size 1.7 1.7) (drill 1) (layers *.Cu *.Mask)
      (net 55 +5V))
    (pad 3 thru_hole oval (at 0 5.08 180) (size 1.7 1.7) (drill 1) (layers *.Cu *.Mask)
      (net 32 SDA))
    (pad 4 thru_hole oval (at 0 7.62 180) (size 1.7 1.7) (drill 1) (layers *.Cu *.Mask)
      (net 35 SCL))
    (model ${KISYS3DMOD}/Connector_PinHeader_2.54mm.3dshapes/PinHeader_1x04_P2.54mm_Vertical.wrl
      (at (xyz 0 0 0))
      (scale (xyz 1 1 1))
      (rotate (xyz 0 0 0))
    )
  )

  (module Noggin:PJ059A (layer F.Cu) (tedit 0) (tstamp 6221058F)
    (at 135.382 73.406 270)
    (descr PJ-059A-3)
    (tags Connector)
    (path /621E718B)
    (fp_text reference Jack1 (at -6.542 0.808 90) (layer F.SilkS)
      (effects (font (size 1.27 1.27) (thickness 0.254)))
    )
    (fp_text value PJ-059A (at -6.542 0.808 90) (layer F.SilkS) hide
      (effects (font (size 1.27 1.27) (thickness 0.254)))
    )
    (fp_text user %R (at -6.542 0.808 90) (layer F.Fab)
      (effects (font (size 1.27 1.27) (thickness 0.254)))
    )
    (fp_line (start -14.5 -4.5) (end 0.7 -4.5) (layer F.Fab) (width 0.2))
    (fp_line (start 0.7 -4.5) (end 0.7 4.5) (layer F.Fab) (width 0.2))
    (fp_line (start 0.7 4.5) (end -14.5 4.5) (layer F.Fab) (width 0.2))
    (fp_line (start -14.5 4.5) (end -14.5 -4.5) (layer F.Fab) (width 0.2))
    (fp_line (start -15.3 -5.3) (end 2.215 -5.3) (layer F.CrtYd) (width 0.1))
    (fp_line (start 2.215 -5.3) (end 2.215 6.915) (layer F.CrtYd) (width 0.1))
    (fp_line (start 2.215 6.915) (end -15.3 6.915) (layer F.CrtYd) (width 0.1))
    (fp_line (start -15.3 6.915) (end -15.3 -5.3) (layer F.CrtYd) (width 0.1))
    (fp_line (start -5 4.5) (end -14.5 4.5) (layer F.SilkS) (width 0.1))
    (fp_line (start -14.5 4.5) (end -14.5 -4.5) (layer F.SilkS) (width 0.1))
    (fp_line (start -14.5 -4.5) (end 0.7 -4.5) (layer F.SilkS) (width 0.1))
    (fp_line (start 0.7 -4.5) (end 0.7 -2) (layer F.SilkS) (width 0.1))
    (fp_line (start -1 4.5) (end 0.7 4.5) (layer F.SilkS) (width 0.1))
    (fp_line (start 0.7 4.5) (end 0.7 2) (layer F.SilkS) (width 0.1))
    (fp_line (start 1.9 0) (end 1.9 0) (layer F.SilkS) (width 0.1))
    (fp_line (start 2 0) (end 2 0) (layer F.SilkS) (width 0.1))
    (fp_arc (start 1.95 0) (end 1.9 0) (angle -180) (layer F.SilkS) (width 0.1))
    (fp_arc (start 1.95 0) (end 2 0) (angle -180) (layer F.SilkS) (width 0.1))
    (pad 1 thru_hole circle (at 0 0 270) (size 2.83 2.83) (drill 1.8868) (layers *.Cu *.Mask)
      (net 2 +3V3))
    (pad 2 thru_hole circle (at -6 0 270) (size 2.83 2.83) (drill 1.8868) (layers *.Cu *.Mask)
      (net 1 GND))
    (pad 3 thru_hole circle (at -3 4.7 270) (size 2.83 2.83) (drill 1.8868) (layers *.Cu *.Mask)
      (net 1 GND))
    (pad MH1 np_thru_hole circle (at -10.5 0 270) (size 2.2 0) (drill 2.2) (layers *.Cu *.Mask))
    (model PJ-059A.stp
      (offset (xyz -14.49999978223176 0 0))
      (scale (xyz 1 1 1))
      (rotate (xyz -90 0 90))
    )
  )

  (module Noggin:PS1240P02BT (layer F.Cu) (tedit 0) (tstamp 62210599)
    (at 145.542 121.666)
    (descr PS1240P02BT)
    (tags "Loudspeaker or Buzzer")
    (path /6215B3F6)
    (fp_text reference LS1 (at -0.206 -0.063) (layer F.SilkS)
      (effects (font (size 1.27 1.27) (thickness 0.254)))
    )
    (fp_text value PS1240P02BT (at 0.508 0) (layer F.SilkS) hide
      (effects (font (size 1.27 1.27) (thickness 0.254)))
    )
    (fp_text user %R (at -0.206 -0.063) (layer F.Fab)
      (effects (font (size 1.27 1.27) (thickness 0.254)))
    )
    (fp_circle (center 0 0) (end 0 6.1) (layer F.SilkS) (width 0.254))
    (fp_circle (center 0 0) (end 0 6.1) (layer F.Fab) (width 0.254))
